0 1.147968
0 0.123904
0 0.169952
0 0.018432
0 0.056288
0 0.112640
0 0.165888
0 0.020480
0 0.048128
0 0.114688
0 0.165888
0 0.261152
0 0.229440
0 0.089088
0 0.308256
0 0.150560
0 0.215040
0 0.015360
0 0.038944
0 0.015360
0 0.308224
0 0.472064
0 0.462880
0 0.145376
0 0.529440
0 0.236544
0 0.420864
0 0.016416
0 0.058368
0 0.034816
0 0.551936
0 1.738784
0 1.374208
0 0.183296
0 1.063936
0 0.715776
0 1.330144
0 0.256000
0 2.096096
0 0.328704
0 2.387968
0 0.020448
0 0.026656
0 0.002048
0 27.673632
0 7.137280
0 0.243680
0 0.286656
0 0.024544
0 0.058336
0 0.157664
0 0.156672
0 0.050176
0 0.069536
0 0.204800
0 0.153600
0 0.280576
0 0.225248
0 0.014368
0 0.326592
0 0.037888
0 0.248736
0 0.002976
0 0.045088
0 0.126976
0 0.300064
0 0.293888
0 0.439296
0 0.022528
0 0.534528
0 0.062464
0 0.442368
0 0.002048
0 0.040960
0 0.183328
0 0.550912
0 1.466400
0 1.362912
0 0.032736
0 1.044480
0 0.170976
0 1.355776
0 0.054272
0 2.028512
0 0.096256
0 2.422816
0 0.002080
0 0.053248
0 0.028608
0 28.476448
