Optimal solution is

sat

Optimal Weighted WCRT
1.1897212
Start and finish time of Compute Operations
0 0 2 1.271872 1.441824
0 0 4 1.441824 1.498112
0 0 6 1.498112 1.664
0 0 8 1.664 1.712128
0 0 10 1.712128 1.878016
0 0 12 1.878016 2.107456
0 0 14 2.107456 2.415712
0 0 16 2.415712 2.630752
0 0 18 2.630752 2.669696
0 0 20 2.669696 2.97792
0 0 22 2.97792 3.4408
0 0 24 3.4408 3.97024
0 0 26 3.97024 4.391104
0 0 28 4.391104 4.449472
0 0 30 4.449472 5.001408
0 0 32 5.001408 6.375616
0 0 34 6.375616 7.439552
0 0 36 7.439552 8.769696
0 0 38 8.769696 10.865792
0 0 40 10.865792 13.25376
0 0 42 13.25376 13.280416
0 0 44 13.280416 40.954048
1 0 2 13.600864 13.88752
1 0 4 13.88752 13.945856
1 0 6 13.945856 14.102528
1 0 8 14.102528 14.172064
1 0 10 14.172064 14.325664
1 0 12 14.325664 14.550912
1 0 14 14.550912 14.877504
1 0 16 14.877504 15.12624
1 0 18 15.12624 15.171328
1 0 20 15.171328 15.471392
1 0 22 15.471392 15.910688
1 0 24 15.910688 16.445216
1 0 26 16.445216 16.887584
1 0 28 16.887584 16.928544
1 0 30 16.928544 17.479456
1 0 32 17.479456 18.842368
1 0 34 18.842368 19.886848
1 0 36 19.886848 21.242624
1 0 38 21.242624 23.271136
1 0 40 23.271136 25.693952
1 0 42 25.693952 25.7472
1 0 44 25.7472 54.223648
Start  and finish time of memory operations
0 0 0 0 1.147968
0 0 1 1.147968 1.271872
0 0 3 1.271872 1.290304
0 0 5 1.290304 1.402944
0 0 7 1.402944 1.423424
0 0 9 1.423424 1.538112
0 0 11 1.538112 1.799264
0 0 13 1.799264 1.888352
0 0 15 1.888352 2.038912
0 0 17 2.038912 2.054272
0 0 19 2.054272 2.069632
0 0 21 2.069632 2.541696
0 0 23 2.541696 2.687072
0 0 25 2.687072 2.923616
0 0 27 2.923616 2.940032
0 0 29 2.940032 2.974848
0 0 31 2.974848 4.713632
0 0 33 4.713632 4.896928
0 0 35 4.896928 5.612704
0 0 37 5.612704 5.868704
0 0 39 5.868704 6.197408
0 0 41 6.197408 6.217856
0 0 43 6.217856 6.219904
1 0 0 6.219904 13.357184
1 0 1 13.357184 13.600864
1 0 3 13.600864 13.625408
1 0 5 13.625408 13.783072
1 0 7 13.783072 13.833248
1 0 9 13.833248 14.038048
1 0 11 14.038048 14.318624
1 0 13 14.318624 14.332992
1 0 15 14.332992 14.37088
1 0 17 14.37088 14.373856
1 0 19 14.373856 14.500832
1 0 21 14.500832 14.79472
1 0 23 14.79472 14.817248
1 0 25 14.817248 14.879712
1 0 27 14.879712 14.88176
1 0 29 14.88176 15.065088
1 0 31 15.065088 16.531488
1 0 33 16.531488 16.564224
1 0 35 16.564224 16.7352
1 0 37 16.7352 16.789472
1 0 39 16.789472 16.885728
1 0 41 16.885728 16.887808
1 0 43 16.887808 16.916416
Printing boolean variables b1(CSh), b2(CSl)
0 0 2 False True
0 0 4 False True
0 0 6 False True
0 0 8 False True
0 0 10 False True
0 0 12 False True
0 0 14 False True
0 0 16 False True
0 0 18 False True
0 0 20 False True
0 0 22 False True
0 0 24 False True
0 0 26 True False
0 0 28 True False
0 0 30 True False
0 0 32 True False
0 0 34 True False
0 0 36 False True
0 0 38 False True
0 0 40 False True
0 0 42 False True
0 0 44 True False
1 0 2 False True
1 0 4 False True
1 0 6 False True
1 0 8 False True
1 0 10 False True
1 0 12 False True
1 0 14 False True
1 0 16 False True
1 0 18 False True
1 0 20 False True
1 0 22 False True
1 0 24 False True
1 0 26 False True
1 0 28 False True
1 0 30 False True
1 0 32 False True
1 0 34 False True
1 0 36 False True
1 0 38 False True
1 0 40 False True
1 0 42 False True
1 0 44 False True
